time,x,y,z,phi,theta,psi,x_velocity,y_velocity,z_velocity,phi_velocity,theta_velocity,psi_velocity,rotor_speed1,rotor_speed2,rotor_speed3,rotor_speed4
0.06,6.223008858722872e-08,-4.707754184505983e-08,10.00069433120772,6.282854612353567,6.282881521924301,0.0,1.3435557617184245e-05,-1.359243289659549e-05,0.023143920517176217,-0.019803165568063122,-0.017842679102423018,0.0,411.6214207396614,410.0397446013988,413.6291067463503,411.8818208151533
0.12000000000000001,1.1732129842822377e-05,-1.2785991453803857e-05,10.006026975638763,6.28163101919022,6.28144211445365,0.0,0.0005048261055909698,-0.000539640702148196,0.15460122787413264,-0.021600128959493134,-0.040598032428500824,0.0,448.139722832387,446.286422921527,446.4040628093839,446.25745422931504
0.18,9.422167498473095e-05,-8.77734732875394e-05,10.021440514963444,6.280421435409066,6.2790207510506235,0.0,0.00253007839384044,-0.0021068910330569804,0.3591398021193527,-0.017424467321661592,-0.03987657008395809,0.0,469.2376673459659,469.2929123780375,468.45798973339436,468.782561291157
0.23999999999999996,0.0003439647280203152,-0.0002768187120100732,10.04657659728154,6.2795752319645715,6.276561787668406,0.0,0.00604886292104292,-0.004292960720750916,0.47868491764650356,-0.008174477761505065,-0.0432915925651311,0.0,443.3886119593229,443.10711346894146,442.8055226638928,443.5657859131281
0.3,0.000855761309565528,-0.0006117015000307075,10.078606502663014,6.279357928609979,6.274070925508081,0.0,0.011273817302815306,-0.006904920622851235,0.5889255578475442,0.0042067831962937325,-0.03817872036611108,0.0,439.95756528594535,440.3796777341937,440.12514122078363,441.1485871177488
0.36000000000000004,0.0017585668451663092,-0.0011155141018260519,10.120084594164812,6.279077728595015,6.272249565091874,0.0,0.01905617179840058,-0.009874422011934772,0.7935552376427844,-0.03568527364621334,-0.018079531687334616,0.0,468.9353163076638,470.49347285365315,470.48222517454855,467.383878491044
0.4200000000000001,0.003077431008063143,-0.0017787489429666537,10.165802112852619,6.2764265757247095,6.2707398763738915,0.0,0.02500247508818489,-0.01241137544067432,0.7304031984432731,-0.07243032867021948,-0.0456626804353448,0.0,382.9485829724478,380.31572809838264,384.7457955234318,381.2495078616904
0.48000000000000015,0.00484973832346503,-0.002682379026121516,10.212972324266595,6.271799828418141,6.267827918075779,0.0,0.034365708772382764,-0.018171968749406398,0.8418533393834384,-0.08866713810008629,-0.05499640548675838,0.0,441.1692935362025,440.39655311577326,442.1067774741308,440.76222408109305
0.5400000000000001,0.00730106960149191,-0.00407468018616429,10.270305951035372,6.267052716950573,6.265433088577906,0.0,0.047674049544069154,-0.028838196836601743,1.069069149510338,-0.06478441527774008,-0.019975783101900138,0.0,474.8760355040803,477.5534894971954,475.56782716479285,477.3886036884977
0.6000000000000002,0.01062169517263371,-0.006235976983578151,10.342386754906173,6.26344338691429,6.264153165641805,0.0,0.06316484884035617,-0.04367222323631563,1.3333424829096268,-0.05221744325376858,-0.024192494857462297,0.0,487.32072332110573,487.0055043741428,487.2911848436877,488.2273345831979
0.6600000000000003,0.014911953900446234,-0.009382988330874233,10.43065383510151,6.260504644868238,6.262790555515096,0.0,0.0800167652486967,-0.06160857297113471,1.6085353315212065,-0.04318424784055348,-0.019899401697771393,0.0,490.9398357084379,491.258254923616,490.8915400328353,491.5600681123523
0.7200000000000003,0.020119561945834787,-0.013537395531724531,10.529280180124411,6.257446640096269,6.262403277634657,0.0,0.09363678126658834,-0.07713687806673204,1.6788997442710658,-0.07491256712181076,0.01197080397200244,0.0,428.4578200802815,431.15868523442396,431.68716290243725,428.99960065487943
0.7800000000000004,0.026236505227817845,-0.018807842000198412,10.636516803985629,6.252848857323118,6.263339163021389,0.0,0.11015443769663164,-0.09907760460132865,1.8953067665803616,-0.08030413705908977,0.02201215764824708,0.0,474.8164950449111,475.5860479869041,475.44049528116295,475.0230197644684
0.8400000000000004,0.03323228941249859,-0.02536843503517839,10.75229128442574,6.247999716840955,6.264390393795287,0.0,0.12291822770795059,-0.12007578868764385,1.9637128430722097,-0.08186848575048258,0.006543962498857554,0.0,432.112413918609,430.80650564654604,429.54017920381403,429.40198065020223
0.9000000000000005,0.040994082042468294,-0.03331886822495578,10.873106669112474,6.242780510135773,6.264587819363612,0.0,0.13577338691196808,-0.1454460479171126,2.0632711620872066,-0.09993503402638419,-0.004174487273612296,0.0,440.77119933804244,439.8844985180916,441.8532020691618,440.3548288270287
0.9600000000000005,0.04952919510512778,-0.042912319958409724,11.000106125959034,6.236386328391731,6.264541840321215,0.0,0.1487407285715304,-0.17496003541784744,2.1698169949255606,-0.12510285463503304,0.0053021234292203396,0.0,442.8454028813999,443.6242078453127,444.5061762951546,442.42856258359456
1.0200000000000005,0.058799625821384795,-0.05430793093281304,11.13125482690313,6.228979982714108,6.264513651261847,0.0,0.16025518497449376,-0.20557605721800265,2.2017074561522296,-0.12030652048626102,-0.015684970192730373,0.0,421.6976314507144,419.88091283533583,418.5022963001067,418.90469550330056
1.0800000000000005,0.0688079960570692,-0.06780203325948704,11.266547872254534,6.221652544460156,6.263304824716503,0.0,0.1734614263662433,-0.24496387453748075,2.3078012986408813,-0.12602784629464026,-0.031033610606260656,0.0,445.2000653120784,443.94249005211447,443.5475710981009,443.06390413496524
1.1400000000000006,0.0795500846954351,-0.08354314980734576,11.403911307461769,6.214437734292858,6.261894890337917,0.0,0.18474057475883857,-0.2803473746570519,2.2710056081225267,-0.11066244766265468,-0.011583712369992992,0.0,396.024376734703,397.8091450568636,396.6096545228947,398.0032758414207
1.2000000000000006,0.09113332983899262,-0.10199451744773082,11.545793276708197,6.208855337184378,6.261484472792272,0.0,0.20142056223756138,-0.3353586181217763,2.457949138792032,-0.07095465532783826,0.0012699993646409276,0.0,468.5706004836028,469.56884798734956,467.7599874996833,470.8342745416861
1.2600000000000007,0.10370768559454752,-0.12381243858350315,11.698148323710111,6.205093570558514,6.261715377192658,0.0,0.21769817545258077,-0.39232147023542074,2.6201490958645435,-0.04988507896083016,0.008562368801493053,0.0,461.7608395252521,462.3356682806557,462.46520587102185,464.11893583989036
1.3200000000000007,0.11717903198453201,-0.14886334444447366,11.856862851570293,6.202281254606866,6.262616631047965,0.0,0.23127361106005226,-0.44297591360855043,2.6701875754810076,-0.04144159687300867,0.02553652642086847,0.0,427.60817952787284,429.0516372444275,427.9695459990631,428.6861842853641
1.3800000000000008,0.13155963887235858,-0.17746946242303868,12.02425227831894,6.1996105667183805,6.264216367678689,0.0,0.24787416355862124,-0.5108319261075925,2.9088444462260443,-0.05149073255079346,0.028823443849939186,0.0,485.9762445111948,486.2226396794947,486.9214120312704,486.1680972380856
1.4400000000000008,0.1468448456153671,-0.2099928039339415,12.203298982340957,6.196286202063462,6.266495310744313,0.0,0.2613989175755638,-0.573599083148129,3.0589459727989436,-0.06468366998354141,0.05187038569019164,0.0,460.89107439110205,462.7096111407043,461.59676736845864,460.55246283055567
1.5000000000000009,0.1629010480536164,-0.24644285260623866,12.392296138187543,6.192885020351488,6.269416003029649,0.0,0.2734515116507457,-0.6417738048820908,3.240410292844446,-0.04419550712203928,0.04137892509553954,0.0,472.0834318412441,471.27448654330277,471.0296523761887,472.60931522141476
1.560000000000001,0.17963693257913066,-0.28720669277421795,12.593815404658798,6.190977696712878,6.271667993749041,0.0,0.28410851996233766,-0.7172322436892324,3.4761656189421597,-0.01438487096301762,0.02845089290044844,0.0,488.57200799679316,487.6076767405426,488.1690258324966,490.38802189987246
1.620000000000001,0.19685448559850985,-0.3316751263454661,12.800146935038974,6.190627561422188,6.273329685962008,0.0,0.28968213323595815,-0.7651206016557921,3.401761941600457,0.007332813152016849,0.026138514377885252,0.0,391.13448349227474,390.91936160140455,390.873995779634,392.8929285641935
1.680000000000001,0.21446085691781425,-0.37979222825717157,13.01032987685311,6.190899100131912,6.27471320455555,0.0,0.2970151865869014,-0.8386916653700831,3.6037021627407784,-0.0017812781960083145,0.016051746441565668,0.0,480.6777055342036,479.91268133079154,479.8910385188521,479.19862795970874
1.740000000000001,0.23244676331527972,-0.43198924285779844,13.229041931676768,6.19106623092644,6.275365722840913,0.0,0.30242836456992955,-0.9011897614489124,3.686416231978395,0.010634971904108672,-0.002277232917419782,0.0,446.2610800403679,444.76225317812214,444.1632259721163,445.1803608633202
1.8000000000000012,0.25074440955299504,-0.48789018029923154,13.452255638389653,6.191371068956704,6.275369912751319,0.0,0.3074969295460816,-0.9621167142155022,3.7538051244828305,-0.009360599936976657,0.004393506690283265,0.0,440.51110987623406,441.06241734775955,441.7190397992513,440.0668464110564
1.8600000000000012,0.26934556535092,-0.5474581266403887,13.679627638864336,6.190992965414747,6.275592824538855,0.0,0.3125150737706942,-1.0235163220128005,3.8249982171953394,-0.0007951648073215327,0.0023227601815298798,0.0,441.6186801811035,441.4477597667711,443.24254145945116,443.9460576094535
1.9200000000000013,0.28823124044729703,-0.6105671630087719,13.909634287001495,6.191160425126135,6.275751777757044,0.0,0.3169928603801331,-1.080120268500035,3.841814638534982,0.00914102814023476,0.0032943179446998537,0.0,425.69413551473696,425.77721668650355,424.9492459773081,425.8001518046363
1.9800000000000013,0.30742241072617976,-0.6775687691350332,14.146052499704055,6.191321799775176,6.2760538060630005,0.0,0.3226775965183961,-1.1531715063566772,4.038092279536284,-0.015118842322997596,0.008303834730042939,0.0,480.8907040361726,481.26994926480495,482.3299929056943,480.49422170360845
2.0400000000000014,0.3269339865491777,-0.7487990922529987,14.39250968019018,6.190235661509249,6.276299734942267,0.0,0.32766177981225486,-1.2212464051579623,4.176607979463615,-0.024859455422829538,-0.006022106194392795,0.0,466.39053517509143,465.27014536594265,465.66174610618367,464.89916724188714
2.1000000000000014,0.34670610972369714,-0.8236574089585413,14.642082647379096,6.189081721187975,6.276120490191252,0.0,0.33143118797969856,-1.274164492725929,4.1425820814179755,-0.009855082548803872,0.0024799438251387937,0.0,411.61753512777085,412.3693932943309,410.2993195032881,411.6293964961009
2.1600000000000015,0.3667286019579418,-0.9020137731781361,14.892815491663148,6.188560683478364,6.276054507194203,0.0,0.3359774000577706,-1.3377603648747969,4.214880058868636,-0.0064389340632776465,-0.009444572158328352,0.0,446.0109390100834,445.0359060704352,446.5238912548122,446.80263421604104
2.2200000000000015,0.38700362572700636,-0.983886981092161,15.144601868708925,6.1888810441694595,6.275695823880422,0.0,0.3398946958336037,-1.3913765253299524,4.1781152062425235,0.022106399421198866,0.0001828052325329771,0.0,410.7436151971198,411.59672509716887,409.56936179358314,412.1006168009105
2.2800000000000016,0.4075439982578618,-1.069297452612251,15.397632803071884,6.190268012028865,6.275476922415205,0.0,0.34479051247765696,-1.455501263715232,4.25595012437998,0.025062550568266007,-0.012692656334196573,0.0,448.5186496754389,447.4717047393363,448.2755595458889,448.5157733375776
2.3400000000000016,0.42837600365240064,-1.1584365546048099,15.65430495911121,6.191471277335168,6.275551229393322,0.0,0.3496317097080266,-1.5156825888892125,4.29961556009743,0.007455759667923504,0.020126040904611155,0.0,437.06365331788004,439.79069343256424,438.30571758143384,436.8398322893502
2.4000000000000017,0.4495156337464033,-1.2514754359060556,15.916892120363368,6.191676815282602,6.276430893979278,0.0,0.35489825568497435,-1.5855450880576976,4.452674547627027,-0.00618608394140456,0.0005320971537773099,0.0,473.08376204950383,471.57241122309745,472.4652239306642,471.4121328205649
2.4600000000000017,0.4709644948995618,-1.3488212073634567,16.189873462227453,6.191264786913262,6.276173174115431,0.0,0.3600682082829073,-1.659310421829266,4.645887156481136,-0.008265331516309727,-0.01631639285599661,0.0,485.1463470166906,483.8795957320028,485.8826691173225,485.7268613432652
2.520000000000002,0.492709354073936,-1.450292916978949,16.471036700364337,6.1914189192913085,6.274904951196891,0.0,0.3648673699601587,-1.7230852126062497,4.725855563640461,0.018339697894412584,-0.033134237248208624,0.0,454.60198627843823,453.25219851737904,450.76367530628517,452.9088131472176
2.580000000000002,0.5147920445203384,-1.5558087055004113,16.759391792439065,6.1921947632726315,6.273125926943045,0.0,0.37142535073676564,-1.7939669599285333,4.885279444513975,-0.0010058618854749323,-0.023463224573959003,0.0,476.89519406006934,477.6331885686183,478.70419762779454,477.2295641115669
2.640000000000002,0.5372711281480628,-1.66526105912746,17.05391566896832,6.192018920165587,6.271526960836249,0.0,0.3780164550089018,-1.8544643927445525,4.931945895126115,-0.007089084762322849,-0.03393457707403808,0.0,443.7881674181488,442.92752943863945,446.27660670158286,445.77978210814746
2.700000000000002,0.5601847318204543,-1.7784020752902439,17.3517652438997,6.19167350214283,6.269649346313489,0.0,0.38595646364159963,-1.9169415443464022,4.996049218923926,-0.003217527505130506,-0.02647607190902478,0.0,449.8845502131596,450.4878021886914,451.0134979229135,451.3262242739752
2.760000000000002,0.5836355496129721,-1.8954709526593259,17.655276727102354,6.1912231849838975,6.267967730827632,0.0,0.39590240918989883,-1.9853638861567735,5.120396848229705,-0.01787023692498077,-0.031323989849216076,0.0,469.60671081178526,469.2302995582771,470.6555321617616,469.52005661153083
2.820000000000002,0.6076877631099243,-2.016476348616158,17.96420908935413,6.1900292385967575,6.266724560645047,0.0,0.40597769311964904,-2.048260553973849,5.177034109767624,-0.024301124340078348,-0.005199705046092665,0.0,449.00122829745436,451.11592237084835,450.79685306493207,450.2768548158478
2.880000000000002,0.632405016567373,-2.1415189495621503,18.279022062658665,6.188789901800675,6.26634246732975,0.0,0.41795568021569357,-2.1199373135015067,5.3160191407396304,-0.014213228658281014,-0.008814229908936728,0.0,476.3229006654753,476.0464673869877,475.3650457012701,476.13758791211
2.940000000000002,0.6578067133561982,-2.2706526063066073,18.599629271900902,6.188054232533348,6.265829340676948,0.0,0.42881142424757723,-2.184600404439291,5.370577356308423,-0.008617953462375896,-0.008032949455814127,0.0,452.13675831231546,452.1998304562347,451.1769068834673,451.62862605858
3.000000000000002,0.6838567641262201,-2.4036188661184785,18.92280849669084,6.188263878777734,6.265687134099602,0.0,0.43954632761948265,-2.247638161382511,5.401875909101692,0.020603450283080454,0.007058327157597651,0.0,444.6123259740386,445.84729224804533,443.8174389902377,446.20978277384893
3.0600000000000023,0.7105334154996845,-2.5402776743887143,19.246926947902068,6.189655053412173,6.26669601984193,0.0,0.44960598035973065,-2.307585737956042,5.402064088500806,0.02790679414820823,0.031392396565074275,0.0,435.2587028273933,437.29080540080366,434.49563443156245,435.1076674400213
3.1200000000000023,0.7378589007178084,-2.68090891914455,19.575259594206248,6.192055061827006,6.268855534838764,0.0,0.4610088486527012,-2.3798819985955544,5.5416824119777015,0.05708668836787077,0.04388798280361279,0.0,478.59603804897006,479.54676790889516,476.8170976815058,479.0421018289736
3.1800000000000024,0.7657746924149775,-2.825555911309178,19.90894854821071,6.195123017092882,6.272223991046577,0.0,0.46922370970295024,-2.4414199738764752,5.58112289054477,0.03525909285004513,0.07338746921202488,0.0,447.9995373670525,450.39412849632123,450.5647882165827,448.7978599476567
3.2400000000000024,0.794087608781688,-2.9736309393832103,20.2424779118032,6.196884467068266,6.276601785102187,0.0,0.4741814962760668,-2.4943284101378675,5.536764173113166,0.01367393849978183,0.07210146159887161,0.0,423.2891196950311,423.1828321646319,423.19678092500004,421.3346365287704
3.3000000000000025,0.8226435646951327,-3.1251387131128965,20.57651417983187,6.198417069826178,6.281164674277626,0.0,0.47724658111773627,-2.555835839910771,5.597479274973619,0.04240242222822846,0.0829555806717566,0.0,455.4169785484752,456.2888411798994,454.8373830375437,457.1328944285441
3.3600000000000025,0.8512876642755673,-3.280110025786741,20.91179961719625,6.201272917205941,0.002386529843253271,0.0,0.4771380835796463,-2.609714122482554,5.578830163181727,0.05636084022576352,0.03640402471957042,0.0,432.97445410881477,429.04308387764377,431.07909896389015,432.2586449787118
3.4200000000000026,0.8798506229858806,-3.438468896406765,21.24834684651316,6.204272652387299,0.005271160257898977,0.0,0.47470777074364673,-2.6686434418172045,5.639146880730244,0.032542978935557944,0.06473083649753049,0.0,454.5846081097476,456.85049928800083,457.43384685653683,455.5342831562061
3.4800000000000026,0.9082122723380105,-3.6002336302849423,21.587386713927703,6.206183253045253,0.009100215343835316,0.0,0.47032659229722734,-2.7233880971088835,5.662084248182633,0.030406299262262276,0.06192642807539356,0.0,445.6070166809733,445.38062106616695,444.60116711730103,444.42640276943627
3.5400000000000027,0.9362153001284892,-3.7654538411172576,21.93032804172878,6.207623056482106,0.013060964058398739,0.0,0.4627118827158926,-2.7837944686722147,5.76875892520818,0.00636108719389495,0.07313416359356031,0.0,470.0137077793116,470.88461076819505,472.33870593668087,470.48039460099005
3.6000000000000028,0.9636902125103551,-3.9342011600214306,22.27857087609117,6.208556207796583,0.01784002615515412,0.0,0.4526683119823423,-2.841072210892172,5.838963441818779,0.0294806683696906,0.09023957518436179,0.0,459.730881361286,461.08924099506555,460.7212531107072,462.545849706339
3.660000000000003,0.9905868980027757,-4.105886580299231,22.624489903793,6.210820972347761,0.02313252708128921,0.0,0.44351547736314306,-2.881760002074862,5.692458770191746,0.05056793452112257,0.08380372214864021,0.0,391.2519644573052,390.6597694288426,388.38055729767785,390.3547138524007
3.720000000000003,1.0167592171245443,-4.280305749378969,22.965961713218498,6.213952999619348,0.028347411662500654,0.0,0.4284435229819596,-2.9320151326812596,5.689988523191684,0.05527935045423541,0.0925023014424753,0.0,437.2486072604826,437.97916524862995,436.8880619214443,437.2826028338965
3.780000000000003,1.0418933190653534,-4.457789339703304,23.308614827114614,6.217329137547967,0.034343364876419535,0.0,0.4088175497650399,-2.9838493733904174,5.731613387604174,0.05817742186022302,0.11170888334165152,0.0,450.341887194756,451.9013395272766,451.1441304873913,451.3802122016997
3.840000000000003,1.0657130180044774,-4.6383637524934045,23.654246957510736,6.221148323782437,0.0404470734793172,0.0,0.38453009770550445,-3.0350013057163383,5.789209231588044,0.07281454644802597,0.04844512242410896,0.0,459.2253650404474,454.18545145704843,455.67548599401675,456.8470858087701
3.900000000000003,1.088000499821347,-4.82189934466026,24.002620682397374,6.226982282168262,0.04370496566347981,0.0,0.3581053496549299,-3.0824370797523577,5.823156533549007,0.12411421219010821,0.0639873854612981,0.0,448.3492028686653,449.61231443360793,448.1929242800058,452.35071651841076
3.960000000000003,1.1087008313375162,-5.008105282466741,24.351642949422065,6.234194457351968,0.04761296562908601,0.0,0.33156767929174946,-3.123904365712055,5.811107245045792,0.11094326994363786,0.06733097893775564,0.0,434.4356139214119,434.7191645732194,436.25814112120696,435.1700241048961
4.020000000000002,1.127715058288868,-5.1967213770339225,24.700479794477317,6.240726376298603,0.05149557679751027,0.0,0.30188829053423,-3.1628097407917775,5.816867758182614,0.10435111776856433,0.05887551766396554,0.0,442.2125363964318,441.51842185889586,439.36303557548104,438.82662433203416
4.080000000000001,1.1449237596160722,-5.387539971797034,25.048835460455347,6.247026384144384,0.05570851877860594,0.0,0.2713952766393304,-3.1973760484742977,5.79520250006592,0.10626650745904163,0.08651870958142194,0.0,430.4167936647722,432.7541364479536,431.2783161096045,431.45008788978816
4.14,1.1601900649788237,-5.580364787663704,25.396538775825256,6.252949063488,0.06117063798877975,0.0,0.23701074023848404,-3.229661206090236,5.795005584282889,0.07596471624640477,0.09880479505340312,0.0,437.68290209792605,438.71145594856654,438.98040137306754,436.4663286474234
4.199999999999998,1.173041990634095,-5.775162389727535,25.748260767562478,6.257628106461446,0.067968122480635,0.0,0.1907341460958298,-3.2631497108192042,5.928423362677175,0.08174226030046959,0.1326812557891971,0.0,476.99769091819536,479.5880223535767,479.06430793276445,479.5078347661353
4.259999999999997,1.183373899306105,-5.971735095478137,26.102073552047795,6.2623501952659275,0.07580567973883046,0.0,0.15301632926832176,-3.288977747089883,5.865720058290639,0.07180025177141358,0.12616630442539542,0.0,418.9215701134894,418.3713397367827,419.07957424170667,418.21965165613756
4.319999999999996,1.1911917636097422,-6.169831443849783,26.453775916593294,6.266163245910022,0.08347491325057987,0.0,0.10691482094620489,-3.313940832373801,5.857765645027986,0.03692887796860539,0.13093614624951322,0.0,435.41737771151793,435.8315778890517,437.5620603103746,434.65148805563314
4.379999999999995,1.1962338577955096,-6.369353307002276,26.803527426774306,6.268230077782691,0.09140747954945994,0.0,0.0605055584847565,-3.3366703427667277,5.800897301095417,0.02895513731642043,0.13463907325808222,0.0,418.9436020535727,419.2827227633611,420.5566470656759,419.86584192863114
4.439999999999993,1.1979509143060403,-6.570281231532269,27.154284549439254,6.269608754970875,0.10028129040345668,0.0,-0.0040882188567750895,-3.3608013409451725,5.890494582049614,0.007012732291102193,0.1661255942688552,0.0,464.9766447383808,467.4559053134566,466.0648760456148,464.3464447604685
4.499999999999992,1.1956828012981995,-6.772630938654843,27.509641467516687,6.270310155743445,0.11082585535086054,0.0,-0.07247822640210436,-3.3841617947220173,5.9543082227547925,0.019702606869297746,0.1901456849617073,0.0,457.47559044465055,459.4127212133833,458.9317196129588,459.93792224347624
4.559999999999991,1.1891727648070562,-6.97636503029143,27.86816097291987,6.271264016543306,0.12265402597086439,0.0,-0.14558775980518243,-3.4069076583530906,5.996012604680741,0.006928327446191378,0.20833883284206622,0.0,452.20133354274935,453.70157820855155,453.5412467387523,452.51380532199073
4.6199999999999894,1.1783513252873494,-7.18142695042047,28.226749269488813,6.271556568973477,0.13496822747068205,0.0,-0.21616361205075954,-3.428493747754098,5.9570000070323665,0.00041749042875830877,0.19818498954190422,0.0,428.1570290868472,427.335194995641,428.163873594893,427.60938970905886
4.679999999999988,1.1626762319149573,-7.387821480194087,28.58599732171303,6.271713171603045,0.1471565205122447,0.0,-0.30744947469939277,-3.4513396114787556,6.01743248697017,0.0066697098056086816,0.21154256103976707,0.0,459.4496688645165,460.54640841419575,458.6601428315474,459.1564721166623
4.739999999999987,1.1416453296905709,-7.595561262856999,28.946441193837575,6.271937067648452,0.15958623389058602,0.0,-0.3946494450379494,-3.47332468750784,5.997279653777661,-0.002909730922523051,0.19654319447843638,0.0,435.7198269873189,434.50678987185466,435.21832785914216,434.4155766091342
4.799999999999986,1.1146228780156404,-7.804662174772556,29.309020528009853,6.271686415287814,0.1714433890561784,0.0,-0.5071960276741108,-3.496747464623079,6.087965960740855,-0.006842184351770613,0.1996855934211021,0.0,469.84206376391745,470.12151620705254,470.1823994108763,469.8776609500796
4.859999999999984,1.081307386223805,-8.015133375292764,29.673003749094697,6.270857788141363,0.18326118592987584,0.0,-0.6043045486594653,-3.5190307313888995,6.044792897126765,-0.033803904652445156,0.1908826493702168,0.0,429.417905032984,428.70973753792185,430.38246491809304,428.09389681925217
4.919999999999983,1.0405256570745474,-8.227061903846314,30.042086242137223,6.269091138869058,0.19415847569519418,0.0,-0.7561843666537502,-3.5454737827748284,6.256434010417344,-0.02190567313230116,0.14734774327491856,0.0,509.18855108353813,506.08994415785224,505.9266343871066,506.7825598165314
4.979999999999982,0.9917519797843163,-8.440520867900888,30.416915874312473,6.267441553132624,0.20313642711478153,0.0,-0.8703418418367243,-3.56996613707225,6.237704467470338,-0.04204608510540698,0.15384493511816716,0.0,439.18699386325915,439.7469477155242,442.19822076660694,440.53534755547815
5.0399999999999805,0.9351235460566628,-8.655551064949409,30.79469269822821,6.264924810626837,0.212497978902074,0.0,-1.018063736516402,-3.597966881318465,6.353826001720524,-0.04174576170946311,0.16006043480498786,0.0,482.66360120635414,483.1534213067602,482.6040367488115,482.6259154149344
